timestamp,BTC_CLOSE,BTC_VOL
1507334400000,4423.0,297.5975
1507420800000,4640.0,518.462004
1507507200000,4786.95,646.463145
1507593600000,4783.06,1043.221773
1507680000000,4821.43,753.429396
1507766400000,5430.0,1276.701482
1507852800000,5649.98,1879.82762
1507939200000,5869.99,970.759046
1508025600000,5709.99,1343.523375
1508112000000,5760.02,1528.996462
1508198400000,5595.0,1429.869376
1508284800000,5512.06,2317.804373
1508371200000,5683.9,1881.722107
1508457600000,6010.01,1972.97722
1508544000000,6024.97,1664.307693
1508630400000,5950.02,1362.092216
1508716800000,5915.93,1812.557715
1508803200000,5477.03,2580.418767
1508889600000,5689.99,2282.813205
1508976000000,5861.77,1972.965882
1509062400000,5768.83,1403.706416
1509148800000,5719.64,1276.754412
1509235200000,6169.98,1804.778173
1509321600000,6120.5,1473.687043
1509408000000,6463.0,1511.774925
1509494400000,6753.98,1675.615188
1509580800000,7019.98,2503.610803
1509667200000,7115.04,1891.497592
1509753600000,7357.09,1399.191767
1509840000000,7345.01,1207.83233
1509926400000,6960.12,1763.019261
1510012800000,7064.04,1440.259494
1510099200000,7303.0,2822.298802
1510185600000,7079.99,1913.398308
1510272000000,6506.98,3254.704105
1510358400000,6245.05,2754.156861
1510444800000,5811.03,4968.483069
1510531200000,6465.99,2621.243039
1510617600000,6574.99,1254.292531
1510704000000,7240.06,1779.605845
1510790400000,7864.5,2331.95675
1510876800000,7699.19,3982.395925
1510963200000,7761.94,3954.266477
1511049600000,8038.0,3867.340444
1511136000000,8212.0,3886.634348
1511222400000,8119.51,4544.474016
1511308800000,8205.92,3545.00571
1511395200000,8019.99,4093.952687
1511481600000,8138.0,4411.789112
1511568000000,8700.01,4292.623682
1511654400000,9128.02,4147.380237
1511740800000,9650.0,4521.625707
1511827200000,9896.8,4917.210985
1511913600000,9687.88,13352.538715
1512000000000,9838.96,9389.574329
1512086400000,10782.99,6134.923633
1512172800000,10890.01,4765.439757
1512259200000,11165.41,5346.636524
1512345600000,11579.0,4663.424562
1512432000000,11699.99,5550.732055
1512518400000,13550.05,6707.946319
1512604800000,16599.0,7487.065695
1512691200000,15880.0,17589.013136
1512777600000,14656.07,13918.758687
1512864000000,14899.98,16553.037173
1512950400000,16587.97,11820.401762
1513036800000,16349.99,9436.802411
1513123200000,16033.29,12416.328801
1513209600000,16334.98,11616.867151
1513296000000,17539.83,9181.273947
1513382400000,19102.66,4202.628709
1513468800000,18860.02,9177.183434
1513555200000,18856.25,10624.633071
1513641600000,17295.2,13210.74822
1513728000000,16488.98,13450.496693
1513814400000,15492.64,20324.2173
1513900800000,13326.61,36076.271175
1513987200000,13300.0,13141.538875
1514073600000,13500.0,28557.534988
1514160000000,13699.34,15748.207607
1514246400000,15689.01,15034.668104
1514332800000,15459.99,14959.864723
1514419200000,14182.11,21717.858014
1514505600000,14378.9,18072.008116
1514592000000,12440.01,19221.158039
1514678400000,13716.36,11768.989718
1514764800000,13380.0,8609.915844
1514851200000,14675.11,20078.092111
1514937600000,14919.51,15905.667639
1515024000000,15059.54,21329.649574
1515110400000,16960.39,23251.491125
1515196800000,17069.79,18571.457508
1515283200000,16150.03,12493.125558
1515369600000,14902.54,26600.609912
1515456000000,14400.0,14315.004253
1515542400000,14907.09,17411.001655
1515628800000,13238.78,33554.723751
1515715200000,13740.01,16417.162137
1515801600000,14210.0,12221.508528
1515888000000,13474.99,17017.894329
1515974400000,13539.93,14652.094705
1516060800000,10900.0,63401.169175
1516147200000,10988.79,72331.796646
1516233600000,10961.97,48464.434937
1516320000000,11474.98,34129.375421
1516406400000,12799.94,28768.857827
1516492800000,11530.0,41379.773426
1516579200000,10760.05,43752.606791
1516665600000,10799.18,37473.922552
1516752000000,11349.99,27158.587762
1516838400000,11175.27,20839.954183
1516924800000,11089.0,33056.87196
1517011200000,11491.0,18860.768345
1517097600000,11879.95,16887.339524
1517184000000,11251.0,14170.377538
1517270400000,10237.51,25554.372946
1517356800000,10285.1,18015.956805
1517443200000,9224.52,33564.764311
1517529600000,8873.03,49971.626975
1517616000000,9199.96,28725.000735
1517702400000,8184.81,32014.308449
1517788800000,6939.99,63403.182579
1517875200000,7652.14,100201.500307
1517961600000,7599.0,60778.460497
1518048000000,7784.02,1521.537318
1518134400000,8683.92,20482.910825
1518220800000,8533.98,49381.512653
1518307200000,8063.88,45025.187952
1518393600000,8903.0,41987.85049
1518480000000,8539.9,35454.972956
1518566400000,9449.99,40811.952867
1518652800000,10000.09,52427.596715
1518739200000,10159.98,38161.205974
1518825600000,11039.55,41882.108407
1518912000000,10383.43,61137.380728
1518998400000,11153.0,40831.417131
1519084800000,11200.99,48153.354288
1519171200000,10437.6,68113.818754
1519257600000,9811.04,67060.166483
1519344000000,10131.04,57202.70237
1519430400000,9694.51,40888.156299
1519516800000,9590.0,28373.517586
1519603200000,10324.0,34878.292756
1519689600000,10569.04,30705.385123
1519776000000,10326.76,30800.983782
1519862400000,10920.0,25092.55393
1519948800000,11039.0,23910.71009
1520035200000,11464.48,21287.15328
1520121600000,11515.0,17295.918653
1520208000000,11454.0,15144.231063
1520294400000,10716.48,29515.572363
1520380800000,9910.0,50647.67108
1520467200000,9271.64,41109.473226
1520553600000,9227.0,64112.291407
1520640000000,8770.22,37180.012857
1520726400000,9533.57,44325.973386
1520812800000,9131.34,42230.77793
1520899200000,9150.0,40191.409358
1520985600000,8170.0,49708.094108
1521072000000,8240.98,52291.022277
1521158400000,8260.0,38815.409893
1521244800000,7824.8,33110.206329
1521331200000,8189.99,59488.231711
1521417600000,8600.0,55297.084942
1521504000000,8909.98,44865.105835
1521590400000,8885.0,39972.405371
1521676800000,8722.9,40617.556809
1521763200000,8898.03,39991.007666
1521849600000,8546.86,35466.609572
1521936000000,8470.15,29001.769316
1522022400000,8134.23,44033.59566
1522108800000,7795.51,37427.64805
1522195200000,7949.3,26401.33167
1522281600000,7090.14,54620.915125
1522368000000,6840.23,65306.031976
1522454400000,6923.91,36868.539087
1522540800000,6813.01,44071.430463
1522627200000,7056.0,32123.560072
1522713600000,7405.21,37787.331811
1522800000000,6796.1,42227.183804
1522886400000,6770.76,39029.73146
1522972800000,6601.39,27455.01192
1523059200000,6895.8,32269.578267
1523145600000,7018.0,21427.673165
1523232000000,6782.72,34078.297206
1523318400000,6843.9,22326.728095
1523404800000,6953.79,23997.871177
1523491200000,7923.0,64861.595987
1523577600000,7877.41,55044.523148
1523664000000,7999.01,31621.286357
1523750400000,8355.0,27946.720444
1523836800000,8064.92,36664.069715
1523923200000,7885.02,32152.603567
1524009600000,8173.0,26969.04457
1524096000000,8278.0,27113.847464
1524182400000,8856.98,39795.337485
1524268800000,8915.31,40872.229909
1524355200000,8787.02,29458.25348
1524441600000,8934.01,25838.114709
1524528000000,9619.99,46268.790106
1524614400000,8869.99,81110.037589
1524700800000,9266.0,43300.304245
1524787200000,8915.35,37241.347036
1524873600000,9348.0,34759.62842
1524960000000,9419.0,38149.850035
1525046400000,9246.01,35002.033875
1525132800000,9071.48,41018.463633
1525219200000,9247.84,26123.543961
1525305600000,9750.0,38768.388288
1525392000000,9713.99,28681.588879
1525478400000,9864.0,24990.018345
1525564800000,9659.01,27690.351559
1525651200000,9365.0,33787.640012
1525737600000,9187.56,25533.831889
1525824000000,9310.0,25673.524899
1525910400000,9002.2,25055.063718
1525996800000,8400.0,48227.048061
1526083200000,8465.94,40241.32081
1526169600000,8679.71,25632.869362
1526256000000,8663.34,37389.666533
1526342400000,8462.0,28126.956136
1526428800000,8330.0,31130.718908
1526515200000,8041.46,25439.844799
1526601600000,8239.81,23476.158251
1526688000000,8233.49,17193.424276
1526774400000,8526.98,19957.057109
1526860800000,8381.24,21516.596486
1526947200000,7977.11,23710.902858
1527033600000,7501.95,42910.666774
1527120000000,7575.01,37845.446595
1527206400000,7457.0,26739.95664
1527292800000,7333.96,19464.086071
1527379200000,7338.99,18706.945515
1527465600000,7099.0,27219.438963
1527552000000,7461.29,39407.21183
1527638400000,7375.96,32041.583623
1527724800000,7485.01,30776.063102
1527811200000,7521.01,28259.124078
1527897600000,7640.03,26720.690219
1527984000000,7714.26,27505.158951
1528070400000,7487.0,32258.835115
1528156800000,7625.0,31722.973384
1528243200000,7658.84,27229.991898
1528329600000,7691.08,25062.227202
1528416000000,7603.44,23396.804671
1528502400000,7491.73,19339.885176
1528588800000,6764.99,52342.020032
1528675200000,6872.0,34552.162303
1528761600000,6530.0,36722.211191
1528848000000,6292.78,46185.5181
1528934400000,6635.98,44478.130837
1529020800000,6388.9,30018.329905
1529107200000,6483.98,22277.241147
1529193600000,6449.61,19847.247688
1529280000000,6712.46,31821.434995
1529366400000,6741.21,24311.421143
1529452800000,6761.51,26359.752452
1529539200000,6718.84,25428.854048
1529625600000,6045.0,52157.370833
1529712000000,6149.98,26622.788589
1529798400000,6136.97,47445.998955
1529884800000,6252.0,39164.515306
1529971200000,6070.78,19377.240484
1530057600000,6133.73,19225.671098
1530144000000,5853.98,30585.266026
1530230400000,6197.92,33911.287278
1530316800000,6390.07,37919.61284
1530403200000,6356.81,27562.965974
1530489600000,6615.29,36230.452264
1530576000000,6513.86,38657.781691
1530662400000,6586.98,23571.892777
1530748800000,6529.2,35071.972898
1530835200000,6609.78,29397.094748
1530921600000,6756.98,23973.876886
1531008000000,6712.1,24622.947794
1531094400000,6662.12,26732.40655
1531180800000,6296.91,38560.672702
1531267200000,6378.07,28715.498487
1531353600000,6250.57,31306.663348
1531440000000,6214.57,26375.325286
1531526400000,6251.99,17783.071999
1531612800000,6353.01,22979.211508
1531699200000,6723.35,36204.87708
1531785600000,7317.44,52105.423459
1531872000000,7381.9,59487.64345
1531958400000,7466.21,41218.256437
1532044800000,7337.53,46140.313447
1532131200000,7398.78,28886.490291
1532217600000,7394.79,30270.21844
1532304000000,7721.01,41646.346671
1532390400000,8397.24,60121.163749
1532476800000,8175.64,48257.649124
1532563200000,7920.0,43223.481682
1532649600000,8188.57,43671.005891
1532736000000,8225.04,26215.173839
1532822400000,8211.0,25531.226185
1532908800000,8173.92,39692.416542
1532995200000,7730.93,48296.915587
1533081600000,7604.58,42582.312932
1533168000000,7525.71,37665.696684
1533254400000,7418.78,44669.486047
1533340800000,7009.84,36288.42601
1533427200000,7024.19,32894.849782
1533513600000,6934.82,32760.191643
1533600000000,6720.06,45438.473501
1533686400000,6285.0,59550.536319
1533772800000,6529.79,51941.185111
1533859200000,6144.01,59034.974902
1533945600000,6232.35,47133.418555
1534032000000,6308.33,38567.770712
1534118400000,6246.35,53895.828783
1534204800000,6188.08,50186.745091
1534291200000,6267.16,68806.687026
1534377600000,6311.75,48515.254618
1534464000000,6584.49,57851.610803
1534550400000,6387.96,53742.322172
1534636800000,6477.53,45190.847994
1534723200000,6254.84,49435.55526
1534809600000,6480.0,41569.947408
1534896000000,6360.89,77909.391359
1534982400000,6525.01,40358.166825
1535068800000,6681.64,38305.675322
1535155200000,6733.64,19220.505929
1535241600000,6700.0,20107.297208
1535328000000,6908.64,37747.078747
1535414400000,7076.11,48352.917163
1535500800000,7031.22,43252.487392
1535587200000,6984.84,44716.77462
1535673600000,7011.21,40467.400638
1535760000000,7200.01,40323.414093
1535846400000,7302.01,39814.840352
1535932800000,7263.02,32396.018371
1536019200000,7359.06,35300.640518
1536105600000,6700.0,63715.256267
1536192000000,6516.01,60644.464227
1536278400000,6395.54,38906.28805
1536364800000,6185.05,38215.032171
1536451200000,6250.81,37053.92382
1536537600000,6312.0,32439.456432
1536624000000,6294.91,33104.88859
1536710400000,6338.62,31433.645939
1536796800000,6487.38,40465.063107
1536883200000,6476.63,37173.339277
1536969600000,6514.96,25243.656612
1537056000000,6505.0,27568.132897
1537142400000,6248.69,35987.254738
1537228800000,6336.45,32620.86667
1537315200000,6391.89,39044.080082
1537401600000,6492.0,25189.024728
1537488000000,6759.02,51779.343463
1537574400000,6723.05,29349.690667
1537660800000,6708.0,30286.229773
1537747200000,6581.39,35305.73991
1537833600000,6447.54,40301.029452
1537920000000,6465.12,33484.54207
1538006400000,6689.13,33087.428297
1538092800000,6634.58,42399.448523
1538179200000,6596.38,30255.9597
1538265600000,6626.57,27764.724519
1538352000000,6611.61,20621.506894
1538438400000,6525.79,28245.810088
1538524800000,6510.0,28451.969138
1538611200000,6593.79,20074.300818
1538697600000,6635.65,16096.552392
1538784000000,6594.27,10939.505391
1538870400000,6615.26,17406.831762
1538956800000,6673.01,23123.419541
1539043200000,6656.61,15354.779469
1539129600000,6631.0,15390.661444
1539216000000,6252.68,48712.400332
1539302400000,6298.01,29004.071419
1539388800000,6332.93,19098.070025
1539475200000,6339.34,15627.411314
1539561600000,6752.5,90748.031246
1539648000000,6759.27,27557.957764
1539734400000,6740.89,26641.431379
1539820800000,6618.96,20116.521941
1539907200000,6528.88,20772.60077
1539993600000,6588.4,19240.722247
1540080000000,6590.11,6515.357792
1540166400000,6581.2,16213.69266
1540252800000,6553.51,13856.601756
1540339200000,6565.5,11951.543977
1540425600000,6528.09,10342.701244
1540512000000,6538.63,9443.504156
1540598400000,6505.6,7776.907864
1540684800000,6489.93,5743.933728
1540771200000,6344.5,13827.224067
1540857600000,6330.87,8877.175385
1540944000000,6371.93,12148.888216
1541030400000,6410.0,9099.035841
1541116800000,6433.98,9739.440679
1541203200000,6387.09,7661.241476
1541289600000,6485.85,10592.394943
1541376000000,6468.99,8987.882156
1541462400000,6519.11,11926.565699
1541548800000,6578.46,14271.591117
1541635200000,6479.84,13259.789282
1541721600000,6419.99,11787.616583
1541808000000,6433.05,7714.829926
1541894400000,6449.81,8213.507117
1541980800000,6453.07,10132.782567
1542067200000,6457.66,11790.564933
1542153600000,5922.41,46478.964003
1542240000000,5753.4,47700.829401
1542326400000,5655.94,38721.802274
1542412800000,5628.29,26411.241413
1542499200000,5662.0,23844.999347
1542585600000,4910.03,70580.892856
1542672000000,4558.86,117380.95159
1542758400000,4661.07,61071.829475
1542844800000,4370.0,34531.119143
1542931200000,4420.61,49371.920322
1543017600000,3932.44,61693.111006
1543104000000,4085.78,101693.975588
1543190400000,3862.2,94503.750767
1543276800000,3875.21,67480.607212
1543363200000,4264.85,91983.567949
1543449600000,4295.84,73980.198669
1543536000000,4041.32,67758.446283
1543622400000,4190.02,44840.073481
1543708800000,4161.01,38912.15479
1543795200000,3884.01,49094.369163
1543881600000,3951.64,48489.551613
1543968000000,3769.84,44004.799448
1544054400000,3508.75,68378.796943
1544140800000,3403.55,95145.457442
1544227200000,3410.93,55365.949949
1544313600000,3545.37,45956.893296
1544400000000,3432.88,40989.244553
1544486400000,3380.39,35920.864154
1544572800000,3445.0,33922.931286
1544659200000,3302.06,40040.917013
1544745600000,3224.17,44492.983807
1544832000000,3211.72,29796.041436
1544918400000,3228.67,24628.808538
1545004800000,3509.08,66761.751697
1545091200000,3652.98,61369.615257
1545177600000,3662.22,94137.341014
1545264000000,4049.62,101543.835986
1545350400000,3838.66,82343.850112
1545436800000,3948.91,42822.350872
1545523200000,3929.71,40117.531529
1545609600000,4008.01,64647.809129
1545696000000,3745.79,62725.629432
1545782400000,3777.74,42629.375817
1545868800000,3567.91,44097.392912
1545955200000,3839.26,45964.304987
1546041600000,3695.32,38874.373903
1546128000000,3801.91,33222.369262
1546214400000,3702.9,29991.77835
1546300800000,3797.14,23741.687033
1546387200000,3858.56,35156.463369
1546473600000,3766.78,29406.948359
1546560000000,3792.01,29519.554671
1546646400000,3770.96,30490.667751
1546732800000,3987.6,36553.806709
1546819200000,3975.45,31869.846264
1546905600000,3955.13,38901.423122
1546992000000,3966.65,28989.439511
1547078400000,3585.88,59402.22851
1547164800000,3601.31,38338.654733
1547251200000,3583.13,21999.928354
1547337600000,3476.81,26385.757454
1547424000000,3626.09,35235.211215
1547510400000,3553.06,34137.997459
1547596800000,3591.84,27480.179977
1547683200000,3616.21,29755.440838
1547769600000,3594.87,22713.446755
1547856000000,3665.3,22171.578123
1547942400000,3539.28,27901.938598
1548028800000,3526.9,19644.436839
1548115200000,3570.93,29336.442967
1548201600000,3552.82,24938.842698
1548288000000,3569.62,20826.25118
1548374400000,3565.29,17608.346671
1548460800000,3565.25,19476.532344
1548547200000,3550.84,22735.598162
1548633600000,3434.15,40405.111401
1548720000000,3411.04,29544.928977
1548806400000,3458.18,23968.260243
1548892800000,3434.1,29607.190253
1548979200000,3462.07,25260.476159
1549065600000,3504.77,17920.802
1549152000000,3458.11,19867.33639
1549238400000,3463.22,23131.981108
1549324800000,3471.59,25264.41503
1549411200000,3405.37,35310.244846
1549497600000,3398.4,18665.538638
1549584000000,3659.04,47968.058013
1549670400000,3665.18,24759.833719
1549756800000,3680.06,23250.602634
1549843200000,3631.05,24954.614571
1549929600000,3631.46,29479.59823
1550016000000,3609.4,25773.997648
1550102400000,3590.56,21753.501261
1550188800000,3602.47,20777.872899
1550275200000,3618.41,19565.992751
1550361600000,3667.58,25690.227779
1550448000000,3898.6,64042.730492
1550534400000,3907.79,50207.172667
1550620800000,3969.74,36205.14085
1550707200000,3937.31,31103.884728
1550793600000,3962.0,23943.16375
1550880000000,4117.76,33657.942883
1550966400000,3743.56,62224.18689
1551052800000,3827.92,38102.966245
1551139200000,3809.23,28838.748036
1551225600000,3818.07,31500.995466
1551312000000,3813.69,32561.961044
1551398400000,3823.0,23174.57217
1551484800000,3819.93,19445.838355
1551571200000,3807.75,16718.16541
1551657600000,3715.3,34742.84166
1551744000000,3857.73,32962.536162
1551830400000,3861.84,24775.11883
1551916800000,3873.64,26455.257661
1552003200000,3864.89,34730.366592
1552089600000,3943.04,30979.747653
1552176000000,3916.82,23187.561412
1552262400000,3871.61,38066.885705
1552348800000,3882.73,26921.008622
1552435200000,3866.0,24461.008757
1552521600000,3877.12,27048.74853
1552608000000,3923.76,21740.061498
1552694400000,4005.98,28568.376124
1552780800000,3981.14,18814.255577
1552867200000,3987.81,22454.47801
1552953600000,4015.53,19893.741815
1553040000000,4043.04,23432.300255
1553126400000,3980.64,35997.682119
1553212800000,3986.93,20022.606318
1553299200000,4006.01,17302.604318
1553385600000,3992.18,17179.850648
1553472000000,3936.12,33192.890217
1553558400000,3948.55,29349.537627
1553644800000,4038.05,32364.555852
1553731200000,4027.81,20089.293875
1553817600000,4103.25,30084.217444
1553904000000,4106.97,19509.292601
1553990400000,4103.95,13525.087433
1554076800000,4144.56,25507.067641
1554163200000,4857.29,105383.639263
1554249600000,4932.6,109890.125743
1554336000000,4898.66,61054.254168
1554422400000,5004.95,39768.552806
1554508800000,5043.89,41770.842313
1554595200000,5170.27,37615.486804
1554681600000,5236.9,50178.430782
1554768000000,5150.0,34067.012311
1554854400000,5308.25,40073.620471
1554940800000,5017.37,54696.600686
1555027200000,5048.01,33276.678614
1555113600000,5045.22,17292.456802
1555200000000,5131.3,18281.607739
1555286400000,5024.95,29057.191581
1555372800000,5173.72,24242.229493
1555459200000,5202.82,23307.536134
1555545600000,5258.44,22619.239001
1555632000000,5258.68,24611.236323
1555718400000,5291.73,19168.908274
1555804800000,5256.14,25549.570939
1555891200000,5357.14,29563.852309
1555977600000,5493.31,41262.103917
1556064000000,5415.0,48224.152413
1556150400000,5219.9,49636.089948
1556236800000,5314.1,48912.294513
1556323200000,5295.69,15422.896935
1556409600000,5307.52,14371.433869
1556496000000,5238.14,19918.135079
1556582400000,5320.81,22238.06823
1556668800000,5383.2,17217.473216
1556755200000,5492.87,22795.787835
1556841600000,5772.69,46297.172849
1556928000000,5829.45,39682.408991
1557014400000,5775.62,23822.543775
1557100800000,5747.79,25256.596325
1557187200000,5846.34,39905.064422
1557273600000,5987.29,23074.05152
1557360000000,6209.18,27453.011436
1557446400000,6373.33,36623.61079
1557532800000,7076.22,74022.424393
1557619200000,6967.31,86948.975339
1557705600000,7790.71,85804.735333
1557792000000,7947.56,76583.722603
1557878400000,8169.87,37884.327211
1557964800000,7866.59,69630.513996
1558051200000,7355.26,88752.008159
1558137600000,7257.45,37054.944779
1558224000000,8148.48,65577.442058
1558310400000,7938.15,65859.208564
1558396800000,7904.87,52301.752247
1558483200000,7628.43,49136.994589
1558569600000,7851.51,49648.184701
1558656000000,7964.87,46664.785325
1558742400000,8025.41,28414.328817
1558828800000,8614.43,49652.144567
1558915200000,8756.32,51886.768793
1559001600000,8715.64,31470.551534
1559088000000,8645.68,33880.865922
1559174400000,8269.54,70379.998521
1559260800000,8555.0,44727.49162
1559347200000,8544.07,31868.234157
1559433600000,8725.98,27835.133265
1559520000000,8115.82,45692.965104
1559606400000,7687.03,74143.948941
1559692800000,7776.5,48679.656455
1559779200000,7786.7,36624.118747
1559865600000,7980.53,33942.225658
1559952000000,7893.62,22657.329634
1560038400000,7628.13,31568.465157
1560124800000,7982.75,36756.078468
1560211200000,7884.9,30334.999427
1560297600000,8127.64,41597.082622
1560384000000,8218.54,30467.764341
1560470400000,8650.0,39835.246255
1560556800000,8808.7,31791.636039
1560643200000,8953.33,63289.251219
1560729600000,9313.96,47895.485374
1560816000000,9081.55,51554.569401
1560902400000,9255.49,32147.706495
1560988800000,9517.12,34556.053982
1561075200000,10159.86,50484.415892
1561161600000,10729.5,104169.447976
1561248000000,10906.07,57445.323945
1561334400000,11056.59,43101.045285
1561420800000,11820.86,61276.686648
1561507200000,13093.8,155930.147386
1561593600000,11329.99,173894.820889
1561680000000,12400.63,95795.203964
1561766400000,11903.13,69642.074157
1561852800000,10854.1,84512.530443
1561939200000,10624.93,90962.268271
1562025600000,10842.85,109561.038728
1562112000000,11940.0,96815.90029
1562198400000,11145.67,66512.221892
1562284800000,10970.73,63534.350582
1562371200000,11256.49,51469.496331
1562457600000,11406.24,38884.795599
1562544000000,12238.6,52182.367215
1562630400000,12543.41,78442.130343
1562716800000,12108.37,109246.044997
1562803200000,11342.89,87506.461058
1562889600000,11757.22,56321.858281
1562976000000,11355.76,54245.594548
1563062400000,10174.18,72517.579236
1563148800000,10838.72,81922.426332
1563235200000,9439.59,97219.443413
1563321600000,9667.92,84942.672717
1563408000000,10627.16,80283.310252
1563494400000,10504.29,56546.932133
1563580800000,10740.23,47331.899848
1563667200000,10589.45,38834.287935
1563753600000,10340.31,40467.954839
1563840000000,9864.91,47624.37071
1563926400000,9763.28,43475.380377
1564012800000,9879.87,37873.354728
1564099200000,9824.0,27167.463217
1564185600000,9476.52,43809.778301
1564272000000,9541.54,29401.022937
1564358400000,9507.64,29021.937411
1564444800000,9574.21,32536.368834
1564531200000,10080.53,39515.35456
1564617600000,10374.99,41727.637028
1564704000000,10523.75,42990.444221
1564790400000,10816.86,33802.318824
1564876800000,10929.23,39924.745141
1564963200000,11828.8,65153.673713
1565049600000,11481.69,76705.389875
1565136000000,11975.03,69173.390353
1565222400000,11999.77,51207.257174
1565308800000,11879.99,39427.152588
1565395200000,11309.31,42633.087048
1565481600000,11549.97,26772.90691
1565568000000,11396.08,17568.227075
1565654400000,10892.71,33234.72968
1565740800000,10050.37,54451.847499
1565827200000,10293.93,38174.45112
1565913600000,10331.54,51758.142918
1566000000000,10216.02,29000.581201
1566086400000,10306.78,24085.395172
1566172800000,10915.54,37243.319217
1566259200000,10760.51,32298.921679
1566345600000,10142.57,47355.719282
1566432000000,10099.88,34059.642738
1566518400000,10389.55,27550.336173
1566604800000,10134.35,27692.456844
1566691200000,10142.69,26271.657398
1566777600000,10372.25,41687.511599
1566864000000,10185.05,28402.775383
1566950400000,9721.0,42110.555375
1567036800000,9498.44,35532.69491
1567123200000,9584.54,26834.318104
1567209600000,9587.47,17130.290074
1567296000000,9724.98,19545.404843
1567382400000,10340.0,44740.248093
1567468800000,10615.28,47998.376781
1567555200000,10567.02,43943.889026
1567641600000,10564.49,33970.960639
1567728000000,10298.73,58799.640959
1567814400000,10455.88,27637.877392
1567900800000,10381.18,23984.672018
1567987200000,10303.12,39835.727608
1568073600000,10098.15,28915.412225
1568160000000,10158.33,31953.824562
1568246400000,10415.01,34511.162755
1568332800000,10342.06,30280.339776
1568419200000,10335.02,23621.533519
1568505600000,10302.01,18047.654013
1568592000000,10251.31,28971.401657
1568678400000,10187.82,22914.324563
1568764800000,10156.99,24250.249303
1568851200000,10244.29,44826.282579
1568937600000,10168.59,25088.491069
1569024000000,9986.39,20544.175196
1569110400000,10028.87,22049.275256
1569196800000,9702.25,31937.232356
1569283200000,8493.14,94007.345203
1569369600000,8430.05,60783.892258
1569456000000,8063.73,67930.853749
1569542400000,8177.91,43882.924625
1569628800000,8198.81,34473.605165
1569715200000,8043.82,31544.211388
1569801600000,8289.34,55865.48726
1569888000000,8292.44,43472.418091
1569974400000,8359.94,26243.386644
1570060800000,8223.96,30488.284058
1570147200000,8137.13,26476.330404
1570233600000,8126.19,21907.615564
1570320000000,7854.25,34676.104049
1570406400000,8190.09,52202.072297
1570492800000,8168.39,35452.657423
1570579200000,8560.74,55038.704378
1570665600000,8558.03,39137.946167
1570752000000,8258.5,50405.284418
1570838400000,8300.09,21339.334098
1570924800000,8275.01,27840.739953
1571011200000,8348.2,29810.663253
1571097600000,8159.29,32773.062476
1571184000000,7991.74,34733.593966
1571270400000,8070.58,29656.949158
1571356800000,7947.01,31353.181416
1571443200000,7948.01,26627.889388
1571529600000,8223.35,34286.452654
1571616000000,8197.27,30448.679539
1571702400000,8020.0,34651.828663
1571788800000,7466.62,63897.457098
1571875200000,7412.41,32714.383265
1571961600000,8655.02,90748.218174
1572048000000,9230.0,162588.585413
1572134400000,9529.93,93833.541604
1572220800000,9205.14,80174.217323
1572307200000,9407.62,64158.462446
1572393600000,9154.72,55241.786434
1572480000000,9140.85,54376.024902
1572566400000,9231.61,43594.814115
1572652800000,9289.52,28923.060828
1572739200000,9194.71,27894.378279
1572825600000,9393.35,45894.456277
1572912000000,9308.66,45935.873665
1572998400000,9339.05,37336.170372
1573084800000,9216.2,39117.470853
1573171200000,8773.73,62107.289243
1573257600000,8809.41,29469.481405
1573344000000,9039.47,34422.029797
1573430400000,8733.27,44888.053545
1573516800000,8821.94,40366.629471
1573603200000,8777.12,26810.116918
1573689600000,8646.68,33468.468961
1573776000000,8471.73,46087.417751
1573862400000,8491.02,20902.299752
1573948800000,8502.4,27009.037082
1574035200000,8187.17,43017.69094
1574121600000,8133.64,43556.061025
1574208000000,8098.01,32466.23098
1574294400000,7627.74,58418.780261
1574380800000,7268.23,126603.140259
1574467200000,7311.57,50449.894755
1574553600000,6903.28,67890.206483
1574640000000,7109.57,119645.735197
1574726400000,7156.14,65722.39769
1574812800000,7508.52,92452.87349
1574899200000,7419.49,56933.981109
1574985600000,7739.68,60745.300873
1575072000000,7541.89,46989.433619
1575158400000,7390.89,60769.342313
1575244800000,7294.28,46330.25604
1575331200000,7292.71,33149.477487
1575417600000,7194.32,83147.149142
1575504000000,7389.0,59306.678855
1575590400000,7527.47,48189.087944
1575676800000,7488.21,31498.684173
1575763200000,7510.11,29856.897631
1575849600000,7338.64,46621.887493
1575936000000,7224.13,49723.76214
1576022400000,7210.0,30093.091944
1576108800000,7198.08,42288.600932
1576195200000,7258.48,27609.873795
1576281600000,7064.05,29561.985967
1576368000000,7118.59,26395.778137
1576454400000,6891.72,43863.993059
1576540800000,6623.82,53865.069929
1576627200000,7277.83,95636.651251
1576713600000,7150.3,55509.049075
1576800000000,7187.83,32132.069205
1576886400000,7132.75,19467.174028
1576972800000,7501.44,39137.45515
1577059200000,7317.09,68051.997203
1577145600000,7255.77,43629.494188
1577232000000,7204.63,27492.044323
1577318400000,7202.0,36259.761076
1577404800000,7254.74,33642.701861
1577491200000,7316.14,26848.982199
1577577600000,7388.24,31387.106085
1577664000000,7246.0,29605.911782
1577750400000,7195.23,25954.453533
1577836800000,7200.85,16792.388165
1577923200000,6965.71,31951.483932
1578009600000,7344.96,68428.500451
1578096000000,7354.11,29987.974977
1578182400000,7358.75,38331.085604
1578268800000,7758.0,54635.695316
1578355200000,8145.28,91171.684661
1578441600000,8055.98,112622.64264
1578528000000,7817.76,64239.51983
1578614400000,8197.02,82406.777448
1578700800000,8020.01,54810.032667
1578787200000,8184.98,38131.494336
1578873600000,8110.34,31159.755683
1578960000000,8810.01,120399.126742
1579046400000,8821.41,84816.297606
1579132800000,8720.01,51991.074284
1579219200000,8913.28,70897.737377
1579305600000,8915.96,38294.746545
1579392000000,8701.7,70676.889259
1579478400000,8642.35,38896.639746
1579564800000,8736.03,36494.687659
1579651200000,8682.36,29080.557138
1579737600000,8404.52,48165.944597
1579824000000,8439.0,41687.529529
1579910400000,8340.58,25521.157932
1579996800000,8615.0,31130.485164
1580083200000,8907.57,53973.542996
1580169600000,9374.21,74584.853765
1580256000000,9301.53,53864.065122
1580342400000,9513.21,60626.744259
1580428800000,9352.89,45552.022352
1580515200000,9384.61,28578.067354
1580601600000,9331.51,45690.91254
1580688000000,9292.24,50892.133451
1580774400000,9197.02,53308.175266
1580860800000,9612.04,64870.415615
1580947200000,9772.0,64949.706588
1581033600000,9813.73,43966.114632
1581120000000,9895.05,43600.843666
1581206400000,10151.75,43408.475616
1581292800000,9851.83,59573.084619
1581379200000,10223.08,62422.395224
1581465600000,10326.46,61008.06393
1581552000000,10229.63,79344.358759
1581638400000,10344.36,47038.480173
1581724800000,9904.72,57657.202947
1581811200000,9917.27,60023.999537
1581897600000,9706.0,70261.011901
1581984000000,10164.71,70604.124019
1582070400000,9593.79,55162.586895
1582156800000,9596.42,60152.342914
1582243200000,9677.05,42181.554524
1582329600000,9650.86,24636.757623
1582416000000,9936.4,37702.089843
1582502400000,9656.13,55796.59612
1582588800000,9315.84,54379.344552
1582675200000,8785.25,92130.345482
1582761600000,8823.21,72483.578762
1582848000000,8692.91,71155.208977
1582934400000,8523.61,36748.183035
1583020800000,8531.88,43892.201779
1583107200000,8915.24,60401.31773
1583193600000,8760.07,55154.997282
1583280000000,8750.87,38696.482578
1583366400000,9054.68,58201.866355
1583452800000,9131.88,43782.948044
1583539200000,8886.66,45422.204525
1583625600000,8033.31,77537.315166
1583712000000,7929.87,116968.863268
1583798400000,7894.56,86783.443875
1583884800000,7934.52,79942.411172
1583971200000,4800.0,261505.608653
1584057600000,5578.6,402201.673764
1584144000000,5172.06,136910.135974
1584230400000,5361.3,139916.146534
1584316800000,5028.97,227276.92276
1584403200000,5312.64,150089.926318
1584489600000,5393.04,137127.634894
1584576000000,6162.37,199020.873439
1584662400000,6208.36,219298.329514
1584748800000,6186.98,128913.668363
1584835200000,5816.19,119115.990527
1584921600000,6467.31,164674.215785
1585008000000,6744.72,151138.009878
1585094400000,6677.43,132155.734989
1585180800000,6737.36,83026.555211
1585267200000,6359.11,82914.968354
1585353600000,6236.65,93159.693429
1585440000000,5881.42,63311.627714
1585526400000,6394.38,118889.549992
1585612800000,6410.44,72337.595259
1585699200000,6642.92,97500.7524
1585785600000,6794.09,149299.906871
1585872000000,6734.1,104080.276939
1585958400000,6856.99,72990.861139
1586044800000,6772.78,49685.356983
1586131200000,7329.9,118052.000832
1586217600000,7197.32,103585.168918
1586304000000,7361.28,76059.145838
1586390400000,7283.54,61094.872417
1586476800000,6858.92,104674.623375
1586563200000,6876.83,45470.293206
1586649600000,6903.79,73868.666501
1586736000000,6837.91,96415.476573
1586822400000,6868.7,69068.623285
1586908800000,6621.24,61571.384994
1586995200000,7101.94,125009.857539
1587081600000,7027.55,54126.509763
1587168000000,7248.6,49488.542819
1587254400000,7120.74,45664.86393
1587340800000,6826.83,90149.49137
1587427200000,6841.37,60109.710808
1587513600000,7125.14,61486.377334
1587600000000,7482.39,102773.569561
1587686400000,7505.0,60182.119939
1587772800000,7538.67,43874.427726
1587859200000,7693.1,50522.616209
1587945600000,7774.62,65441.339576
1588032000000,7738.98,46302.752638
1588118400000,8778.57,183546.887514
1588204800000,8620.0,206277.214124
1588291200000,8826.96,91468.815059
1588377600000,8972.05,59002.08755
1588464000000,8894.16,90126.065643
1588550400000,8871.96,84418.512331
1588636800000,9021.83,76480.765342
1588723200000,9142.92,105925.30242
1588809600000,9986.4,147154.611378
1588896000000,9800.01,100683.7964
1588982400000,9539.4,81950.679567
1589068800000,8722.77,183865.182028
1589155200000,8561.52,168807.251832
1589241600000,8810.79,86522.780066
1589328000000,9309.37,92466.274018
1589414400000,9791.98,129565.37747
1589500800000,9316.42,115890.761516
1589587200000,9381.27,59587.627862
1589673600000,9680.04,68647.764323
1589760000000,9733.93,82006.603583
1589846400000,9775.53,78539.760454
1589932800000,9511.43,74923.73809
1590019200000,9068.65,108928.780969
1590105600000,9170.0,58943.131024
1590192000000,9179.15,43526.296966
1590278400000,8720.34,70379.86645
1590364800000,8900.35,62833.910949
1590451200000,8841.18,58299.770138
1590537600000,9204.07,68910.355514
1590624000000,9575.89,74110.787662
1590710400000,9427.07,57374.362961
1590796800000,9697.72,55665.27254
1590883200000,9448.27,48333.786403
1590969600000,10200.77,76649.12696
1591056000000,9518.04,108970.773151
1591142400000,9666.24,46252.644939
1591228800000,9789.06,57456.100969
1591315200000,9621.16,47788.05005
1591401600000,9666.3,32752.950893
1591488000000,9746.99,57952.848385
1591574400000,9782.01,40664.664125
1591660800000,9772.43,46024.001289
1591747200000,9885.0,47130.762982
1591833600000,9280.4,94418.98473
1591920000000,9465.13,50119.066932
1592006400000,9473.34,27759.784851
1592092800000,9342.1,30055.506608
1592179200000,9426.02,86107.924707
1592265600000,9525.59,52052.446927
1592352000000,9465.14,48046.411152
1592438400000,9386.32,37381.953765
1592524800000,9310.23,45330.983673
1592611200000,9358.95,30329.065384
1592697600000,9294.69,24316.926234
1592784000000,9685.69,57895.468343
1592870400000,9624.89,41031.02938
1592956800000,9296.49,61571.561464
1593043200000,9249.49,55831.619156
1593129600000,9162.21,50292.298277
1593216000000,9012.0,46290.930113
1593302400000,9116.35,30688.176421
1593388800000,9192.56,42120.293261
1593475200000,9138.55,31463.162801
1593561600000,9232.0,38488.528699
1593648000000,9086.54,45725.168076
1593648000000,9086.54,45725.168076
1593734400000,9058.26,28943.420177
1593820800000,9135.46,26441.968484
1593907200000,9069.41,34073.653627
1593993600000,9344.2,54463.132277
1594080000000,9257.39,34587.336678
1594166400000,9436.06,56140.517781
1594252800000,9232.43,48044.450645
1594339200000,9288.34,38295.494006
1594425600000,9234.03,22561.366
1594512000000,9302.75,30872.702286
1594598400000,9242.62,42740.069115
1594684800000,9255.85,45772.552509
1594771200000,9197.6,39053.579665
1594857600000,9133.72,43375.571191
1594944000000,9154.32,28054.358741
1595030400000,9170.28,22554.541457
1595116800000,9208.99,26052.019417
1595203200000,9160.78,35458.764082
1595289600000,9390.0,60413.582486
1595376000000,9518.16,48815.004107
1595462400000,9603.27,51856.2335
1595548800000,9537.8,43931.136205
1595635200000,9700.42,40679.545416
1595721600000,9931.54,65279.269319
1595808000000,11029.96,150188.933144
1595894400000,10906.27,97267.734187
1595980800000,11100.53,76838.094233
1596067200000,11099.61,60794.826456
1596153600000,11335.46,70063.660974
1596240000000,11801.17,85087.485126
1596326400000,11071.35,97553.077604
1596412800000,11219.81,56931.841475
1596499200000,11191.97,58629.113709
1596585600000,11744.91,74970.256852
1596672000000,11762.46,63529.08502
1596758400000,11594.23,65755.926022
1596844800000,11761.41,41858.16104
1596931200000,11681.68,41493.067342
1597017600000,11892.92,84952.337887
1597104000000,11392.08,90748.284634
1597190400000,11564.33,64909.613644
1597276800000,11780.0,70132.491502
1597363200000,11760.54,59818.852697
1597449600000,11852.4,56237.90505
1597536000000,11911.0,41368.236906
1597622400000,12281.13,84734.21154
1597708800000,11945.01,75923.835527
1597795200000,11754.59,73940.169606
1597881600000,11853.55,46085.254351
1597968000000,11531.34,64448.306142
1598054400000,11662.96,43678.701646
1598140800000,11648.13,37900.00469
1598227200000,11748.2,46212.391867
1598313600000,11318.42,69590.923272
1598400000000,11461.43,53998.231231
1598486400000,11330.38,63246.036383
1598572800000,11526.91,45953.908365
1598659200000,11465.84,32973.7992
1598745600000,11711.16,43177.879054
1598832000000,11649.51,55353.617744
1598918400000,11921.97,78148.193668
1599004800000,11388.54,87221.845602
1599091200000,10140.85,121950.106015
1599177600000,10446.25,92733.599113
1599264000000,10166.69,90001.605568
1599350400000,10256.2,56368.788815
1599436800000,10373.44,62620.230676
1599523200000,10126.65,73491.878418
1599609600000,10219.2,49347.113776
1599696000000,10336.87,58253.75375
1599782400000,10387.89,43830.254467
1599868800000,10440.92,35379.153096
1599955200000,10332.83,43837.609865
1600041600000,10671.77,67059.291361
1600128000000,10785.31,61822.452786
1600214400000,10954.01,64991.51244
1600300800000,10939.99,55601.614529
1600387200000,10933.39,47266.728275
1600473600000,11080.65,38440.036858
1600560000000,10920.28,39157.922565
1600646400000,10417.22,70683.431179
1600732800000,10529.61,43991.235476
1600819200000,10241.46,51876.568079
1600905600000,10736.32,57676.619427
1600992000000,10686.67,48101.117008
1601078400000,10728.6,28420.836659
1601164800000,10774.25,30549.483253
1601251200000,10696.12,50095.251734
1601337600000,10840.48,41874.898399
1601424000000,10776.59,39596.027322
1601510400000,10619.13,60866.332893
1601596800000,10570.4,50130.393705
1601683200000,10542.06,22298.221341
1601769600000,10666.63,23212.001595
1601856000000,10792.21,34025.761653
1601942400000,10599.66,48674.740471
1602028800000,10666.39,32811.990279
1602115200000,10925.57,51959.691572
1602201600000,11050.64,48240.073237
1602288000000,11293.22,43648.036943
1602374400000,11369.02,29043.851339
1602460800000,11528.25,52825.28371
1602547200000,11420.56,42205.283709
1602633600000,11417.89,41415.106015
1602720000000,11505.12,48760.717679
1602806400000,11319.32,48797.749502
1602892800000,11360.2,22368.915241
1602979200000,11503.14,23284.041191
1603065600000,11751.47,47414.534692
1603152000000,11909.99,62134.750663
1603238400000,12780.96,114584.456767
1603324800000,12968.52,70038.824144
1603411200000,12923.07,50386.999841
1603497600000,13111.73,35952.20907
1603584000000,13028.83,38481.579504
1603670400000,13052.19,60951.672986
1603756800000,13636.17,80796.553996
1603843200000,13266.4,94440.561226
1603929600000,13455.7,74872.602132
1604016000000,13560.1,70657.778881
1604102400000,13791.0,67339.238515
1604188800000,13761.5,36285.648526
1604275200000,13549.37,64566.421908
1604361600000,14023.53,74115.630787
1604448000000,14144.01,93016.988262
1604534400000,15590.02,143741.522673
1604620800000,15579.92,122618.197695
1604707200000,14818.3,101431.206553
1604793600000,15475.1,65547.178574
1604880000000,15328.41,108976.334134
1604966400000,15297.21,61681.919606
1605052800000,15684.24,78469.746458
1605139200000,16291.86,102196.356592
1605225600000,16320.7,75691.881014
1605312000000,16070.45,59116.347179
1605398400000,15957.0,43596.841513
1605484800000,16713.57,81300.675924
1605571200000,17659.38,115221.403102
1605657600000,17776.12,149019.788134
1605744000000,17802.82,93009.561008
1605830400000,18655.67,88423.018489
1605916800000,18703.8,75577.458394
1606003200000,18414.43,81645.737778
1606089600000,18368.0,82961.506093
1606176000000,19160.01,113581.509241
1606262400000,18719.11,93266.576887
1606348800000,17149.47,181005.246693
1606435200000,17139.52,85297.024787
1606521600000,17719.85,64910.69997
1606608000000,18184.99,55329.016303
1606694400000,19695.87,115463.466888
1606780800000,18764.96,127698.762652
1606867200000,19204.09,75911.013478
1606953600000,19421.9,66689.391279
1607040000000,18650.52,71283.6682
1607126400000,19147.66,42922.748573
1607212800000,19359.4,37043.091861
1607299200000,19166.9,41372.296293
1607385600000,18324.11,61626.947614
1607472000000,18541.28,79585.553801
1607558400000,18254.63,52890.675094
1607644800000,18036.53,72610.724259
1607731200000,18808.69,49519.978432
1607817600000,19174.99,56560.821744
1607904000000,19273.14,47257.201294
1607990400000,19426.43,61834.366011
1608076800000,21335.52,114306.33557
1608163200000,22797.16,184882.476748
1608249600000,23107.39,79646.134315
1608336000000,23821.61,86045.064677
1608422400000,23455.52,76690.145685
1608508800000,22719.71,88030.297243
1608595200000,23810.79,87033.12616
1608681600000,23232.76,119047.259733
1608768000000,23729.2,69013.834252
1608854400000,24712.47,79519.943569
1608940800000,26493.39,97806.513386
1609027200000,26281.66,148455.586214
1609113600000,27079.41,79721.742496
1609200000000,27385.0,69411.592606
1609286400000,28875.54,95356.057826
1609372800000,28923.63,75508.505152
1609459200000,29331.69,54182.925011
1609545600000,32178.33,129993.873362
1609632000000,33000.05,120957.56675
1609718400000,31988.71,140899.88569
1609804800000,33949.53,116049.997038
1609891200000,36769.36,127139.20131
1609977600000,39432.28,132825.700437
1610064000000,40582.81,139789.957499
1610150400000,40088.22,75785.979675
1610236800000,38150.02,118209.544503
1610323200000,35404.47,249131.539943
1610409600000,34051.24,133948.151996
1610496000000,37371.38,124477.914938
1610582400000,39144.5,102950.389421
1610668800000,36742.22,118300.920916
1610755200000,35994.98,86348.431508
1610841600000,35828.61,80157.727384
1610928000000,36631.27,70698.11875
1611014400000,35891.49,79611.307769
1611100800000,35468.23,89368.422918
1611187200000,30850.13,131803.182926
1611273600000,32945.17,142971.684049
1611360000000,32078.0,64595.287675
1611446400000,32259.9,57978.037966
1611532800000,32254.2,88499.226921
1611619200000,32467.77,84972.20691
1611705600000,30366.15,95911.961711
1611792000000,33364.86,92621.145617
1611878400000,34252.2,231827.005626
1611964800000,34262.88,84889.68134
1612051200000,33092.98,68742.280384
1612137600000,33526.37,82718.276882
1612224000000,35466.24,78056.65988
1612310400000,37618.87,80784.333663
1612396800000,36936.66,92080.735898
1612483200000,38290.24,66681.334275
1612569600000,39186.94,98757.311183
1612656000000,38795.69,84363.679763
1612742400000,46374.87,138597.536914
1612828800000,46420.42,115499.861712
1612915200000,44807.58,97154.1822
1613001600000,47969.51,89561.081454
1613088000000,47287.6,85870.035697
1613174400000,47153.69,63768.097399
1613260800000,48577.79,73735.475533
1613347200000,47911.1,79398.156784
1613433600000,49133.45,88813.266298
1613520000000,52119.71,85743.637818
1613606400000,51552.6,60758.046954
1613692800000,55906.0,79659.77802
1613779200000,55841.19,80948.205314
1613865600000,57408.57,58166.708511
1613952000000,54087.67,134019.434944
1614038400000,48891.0,169375.025051
1614124800000,49676.2,91881.209252
1614211200000,47073.73,83310.673121
1614297600000,46276.87,109423.200663
1614384000000,46106.43,66060.834292
1614470400000,45135.66,83055.369042
1614556800000,49587.03,85086.111648
1614643200000,48440.65,64221.06214
1614729600000,50349.37,81035.913705
1614816000000,48374.09,82649.716829
1614902400000,48751.71,78192.496372
1614988800000,48882.2,44399.234242
1615075200000,50971.75,55235.028032
1615161600000,52375.17,66987.359664
1615248000000,54884.5,71656.737076
1615334400000,55851.59,84749.238943
1615420800000,57773.16,81914.812859
1615507200000,57221.72,73405.406047
1615593600000,61188.39,83245.091346
1615680000000,58968.31,52601.05275
1615766400000,55605.2,102771.427298
1615852800000,56900.75,77986.694355
1615939200000,58912.97,70421.620841
1616025600000,57648.16,66580.406675
1616112000000,58030.01,52392.652961
1616198400000,58102.28,44476.941776
1616284800000,57351.56,48564.470274
1616371200000,54083.25,62581.626169
1616457600000,54340.89,59789.365427
1616544000000,52303.65,83537.465021
1616630400000,51293.78,87400.534538
1616716800000,55025.59,63813.774692
1616803200000,55817.14,50105.475055
1616889600000,55777.63,39050.387511
1616976000000,57635.47,67857.937398
1617062400000,58746.57,55122.443122
1617148800000,58740.55,60975.542666
1617235200000,58720.44,47415.61722
1617321600000,58950.01,47382.418781
1617408000000,57051.94,47409.852113
1617494400000,58202.01,41314.081973
1617580800000,59129.99,54258.01579
1617667200000,57991.15,54201.000727
1617753600000,55953.45,71228.405659
1617840000000,58077.52,44283.147019
1617926400000,58142.54,40831.884911
1618012800000,59769.13,69906.424117
1618099200000,60002.43,41156.715391
1618185600000,59860.0,56375.037117
1618272000000,63575.0,82848.688746
1618358400000,62959.53,82616.343993
1618444800000,63159.98,51649.70034
1618531200000,61334.8,91764.139884
1618617600000,60006.66,58912.256128
1618704000000,56150.01,124882.131824
1618790400000,55633.14,78229.042267
1618876800000,56425.0,72744.482151
1618963200000,53787.63,66984.756909
1619049600000,51690.96,104656.631337
1619136000000,51125.14,132230.780719
1619222400000,50047.84,55361.512573
1619308800000,49066.77,58255.645004
1619395200000,54001.39,86310.802124
1619481600000,55011.97,54064.034675
1619568000000,54846.22,55130.459015
1619654400000,53555.0,52486.019455
1619740800000,57694.27,68578.910045
1619827200000,57800.37,42600.351836
1619913600000,56578.21,36812.878863
1620000000000,57169.39,57649.931286
1620086400000,53200.01,85324.625903
1620172800000,57436.11,77263.923439
1620259200000,56393.68,70181.671908
1620345600000,57314.75,74542.747829
1620432000000,58862.05,69709.906028
1620518400000,58240.84,69806.11991
1620604800000,55816.14,89586.34925
1620691200000,56670.02,64329.54055
1620777600000,49631.32,99842.789836
1620864000000,49670.97,147332.002121
1620950400000,49841.45,80082.204306
1621036800000,46762.99,89437.449359
1621123200000,46431.5,114269.812775
1621209600000,43538.04,166657.172736
1621296000000,42849.78,116979.860784
1621382400000,36690.09,354347.243161
1621468800000,40526.64,203017.596923
1621555200000,37252.01,202100.888258
1621641600000,37449.73,126542.243689
1621728000000,34655.25,217136.046593
1621814400000,38796.29,161630.893971
1621900800000,38324.72,111996.228404
1621987200000,39241.91,104780.773396
1622073600000,38529.98,86547.158794
1622160000000,35663.49,135377.62972
1622246400000,34605.15,112663.092689
1622332800000,35641.27,73535.386967
1622419200000,37253.81,94160.735289
1622505600000,36693.09,81234.66377
1622592000000,37568.68,67587.372495
1622678400000,39246.79,75889.106011
1622764800000,36829.0,91317.799245
1622851200000,35513.2,70459.62149
1622937600000,35796.31,47650.206637
1623024000000,33552.79,77574.952573
1623110400000,33380.81,123251.189037
1623196800000,37388.05,136607.597517
1623283200000,36675.72,109527.284943
1623369600000,37331.98,78466.0053
1623456000000,35546.11,87717.54999
1623542400000,39020.57,86921.025555
1623628800000,40516.29,108522.391949
1623715200000,40144.04,80679.622838
1623801600000,38349.01,87771.976937
1623888000000,38092.97,79541.307119
1623974400000,35819.84,95228.042935
1624060800000,35483.72,68712.449461
1624147200000,35600.16,89878.17085
1624233600000,31608.93,168778.873159
1624320000000,32509.56,204208.179762
1624406400000,33678.07,126966.100563
1624492800000,34663.09,86625.80426
1624579200000,31584.45,116061.130356
1624665600000,32283.65,107820.375287
1624752000000,34700.34,96613.244211
1624838400000,34494.89,82222.267819
1624924800000,35911.73,90788.79622
1625011200000,35045.0,77152.197634
1625097600000,33504.69,71708.266112
1625184000000,33786.55,56172.181378
1625270400000,34669.13,43044.578641
1625356800000,35286.51,43703.475789
1625443200000,33690.14,64123.874245
1625529600000,34220.01,58210.596349
1625616000000,33862.12,53807.521675
1625702400000,32875.71,70136.48032
1625788800000,33815.81,47153.939899
1625875200000,33502.87,34761.175468
1625961600000,34258.99,31572.647448
1626048000000,33086.63,48181.403762
1626134400000,32729.77,41126.361008
1626220800000,32820.02,46777.823484
1626307200000,31880.0,51639.576353
1626393600000,31383.87,48499.864154
1626480000000,31520.07,34012.242132
1626566400000,31778.56,35923.716186
1626652800000,30839.65,47340.468499
1626739200000,29790.35,61034.049017
1626825600000,32144.51,82796.265128
1626912000000,32287.83,46148.092433
1626998400000,33634.09,50112.863626
1627084800000,34258.14,47977.550138
1627171200000,35381.02,47852.928313
1627257600000,37237.6,152452.512724
1627344000000,39457.87,88397.267015
1627430400000,40019.56,101344.528441
1627516800000,40016.48,53998.439283
1627603200000,42206.37,73602.784805
1627689600000,41461.83,44849.791012
1627776000000,39845.44,53953.186326
1627862400000,39147.82,50837.351954
1627948800000,38207.05,57117.435853
1628035200000,39723.18,52329.35243
1628121600000,40862.46,84343.755621
1628208000000,42836.87,75753.941347
1628294400000,44572.54,73396.740808
1628380800000,43794.37,69329.092698
1628467200000,46253.4,74587.884845
1628553600000,45584.99,53814.643421
1628640000000,45511.0,52734.901977
1628726400000,44399.0,55266.108781
1628812800000,47800.0,48239.370431
1628899200000,47068.51,46114.359022
1628985600000,46973.82,42110.711334
1629072000000,45901.29,52480.574014
1629158400000,44695.95,57039.341629
1629244800000,44705.29,54099.415985
1629331200000,46760.62,53411.75392
1629417600000,49322.47,56850.352228
1629504000000,48821.87,46745.136584
1629590400000,49239.22,37007.887795
1629676800000,49488.85,52462.541954
1629763200000,47674.01,51014.594748
1629849600000,48973.32,44655.830342
1629936000000,46843.87,49371.277774
1630022400000,49069.9,42068.104965
1630108800000,48895.35,26681.063786
1630195200000,48767.83,32652.283473
1630281600000,46982.91,40288.35083
1630368000000,47100.89,48645.52737
1630454400000,48810.52,49904.65528
1630540800000,49246.64,54410.770538
1630627200000,49999.14,59025.644157
1630713600000,49915.64,34664.65959
1630800000000,51756.88,40544.835873
1630886400000,52663.9,49249.667081
1630972800000,46863.73,123048.802719
1631059200000,46048.31,65069.3152
1631145600000,46395.14,50651.66002
1631232000000,44850.91,49048.26618
1631318400000,45173.69,30440.4081
1631404800000,46025.24,32094.28052
1631491200000,44940.73,65429.15056
1631577600000,47111.52,44855.85099
1631664000000,48121.41,43204.71174
1631750400000,47737.82,40725.08895
1631836800000,47299.98,34461.92776
1631923200000,48292.74,30906.47038
1632009600000,47241.75,29847.24349
1632096000000,43015.62,78003.524443
1632182400000,40734.38,84534.080485
1632268800000,43543.61,58349.05542
1632355200000,44865.26,48699.57655
1632441600000,42810.57,84113.426292
1632528000000,42670.64,33594.57189
1632614400000,43160.9,49879.99765
1632700800000,42147.35,39776.84383
1632787200000,41026.54,43372.2624
1632873600000,41524.28,33511.53487
1632960000000,43824.1,46381.22781
1633046400000,48141.61,66244.87492
1633132800000,47634.9,30508.98131
1633219200000,48200.01,30825.05601
1633305600000,49224.94,46796.49372
1633392000000,51471.99,52125.66793
1633478400000,55315.0,79877.545181
1633564800000,53785.22,54917.37766
1633651200000,53951.43,46160.25785
1633737600000,54949.72,55177.08013
1633824000000,54659.0,89237.836128
1633910400000,57471.35,52933.165751
1633996800000,55996.93,53471.2855
1634083200000,57367.0,55808.44492
1634169600000,57347.94,43053.336781
1634256000000,61672.42,82512.908022
1634342400000,60875.57,35467.88096
1634428800000,61528.33,39099.24124
1634515200000,62009.84,51798.44844
1634601600000,64280.59,53628.107744
1634688000000,66001.41,51428.934856
1634774400000,62193.15,68538.64537
1634860800000,60688.22,52119.35886
1634947200000,61286.75,27626.93678
1635033600000,60852.22,31226.57676
1635120000000,63078.78,36853.83806
1635206400000,60328.81,40217.50083
1635292800000,58413.44,62124.49016
1635379200000,60575.89,61056.35301
1635465600000,62253.71,43973.90414
1635552000000,61859.19,31478.12566
1635638400000,61299.8,39267.63794
1635724800000,60911.11,44687.66672
1635811200000,63219.99,46368.2841
1635897600000,62896.48,43336.09049
1635984000000,61395.01,35930.93314
1636070400000,60937.12,31604.48749
1636156800000,61470.61,25590.57408
1636243200000,63273.59,25515.6883
1636329600000,67525.83,54442.094554
1636416000000,66947.66,44661.378068
1636502400000,64882.43,65171.504046
1636588800000,64774.26,37237.98058
1636675200000,64122.23,44490.10816
1636761600000,64380.0,22504.97383
1636848000000,65012.54,23920.72231
